000291
001878
002150
001272
001276
001326
000197
001039
000676
001652
000840
002161
000669
000108
000132
001226
001412
001467
001568
001988
000022
001894
001854
000524
001725
001237
002185
001224
001976
001611
001270
000240
000043
000180
000230
000312
000149
002075
000115
000826
001043
002127
000130
001154
000859
000955
000300
001768
000404
000448
000388
000511
000637
001538
002206
001423
002031
001832
001931
000701
000838
000198
001550
000724
001756
001146
001583
001228
001303
000092
000506
000257
000131
000361
001606
000583
000078
000112
000275
002269
001491
000218
000671
000571
000155
001602
000068
000192
001640
000813
001811
000425
000102
000712
001138
000989
002092
000393
001269
000479
000944
002250
000502
001404
001776
001726
001092
001596
002168
000482
000978
001502
001482
000166
002117
001511
000406
001108
000868
001753
000062
001660
000044
000812
001464
000118
000781
000276
002258
001801
001646
001504
000105
000204
001687
001615
001876
001839
000585
002273
002072
000951
000655
001026
000575
000208
000599
002350
001048
001163
000050
000201
001762
001975
002131
000146
002239
002355
001714
000635
000039
002304
001405
000470
001735
001354
001328
001798
001189
000199
001736
002280
000994
001130
001359
000008
000723
000847
002251
001499
000562
001612
000704
001369
001585
000754
001793
000373
000385
001082
000663
001844
000018
001148
000219
001670
000181
000673
001329
000104
001489
001690
001610
000810
002230
002299
001917
000731
001442
001223
001242
002221
000863
001002
000308
002194
002068
001206
002320
000618
001409
000948
000514
002148
001492
000760
000440
000196
001712
000351
000790
000409
001551
000983
000315
001431
002358
000074
001266
001175
002341
002154
001580
000087
001114
000591
000319
001208
000534
001865
001248
000964
002287
001877
000745
002135
001618
001695
001892
001142
000353
000862
000642
001657
000884
001560
000615
001462
000468
000012
000824
002274
002290
000457
001788
001605
001573
002354
001734
001485
000284
001132
000503
001451
001863
001527
000877
001774
000416
001015
001364
000650
000436
001820
000357
000757
001643
000646
002038
001079
001399
002293
000941
000049
000887
000625
001279
001287
002172
001327
001595
001702
000058
001028
001379
000936
001239
000365
000143
001826
000614
000914
001225
000939
001507
002057
001050
001582
000746
000515
002263
001960
001601
000767
001020
002123
001090
001390
000520
000490
000913
002070
001059
001547
000397
000389
001198
001868
000346
002189
000597
001011
001125
002017
002044
000624
000620
001888
001681
001851
000758
002288
001333
000958
000453
000500
001286
000888
000748
002329
001662
001033
000274
001766
000695
001253
000716
000814
000691
001164
001252
001520
001494
000922
001447
000875
001387
001903
001268
000228
000278
000411
000020
000494
000995
000368
000885
000733
001449
000013
001323
000604
000537
000925
001686
000835
001013
000026
001692
001110
001959
000401
001145
001797
002037
001897
002173
001157
000310
000791
001986
000621
000880
001470
000429
000073
001490
001918
001445
001543
000399
000602
000306
000024
002345
000340
000122
001402
001779
001569
002365
001654
001191
001245
001887
000170
001806
001553
002043
002235
000578
001783
001274
001373
002364
001302
001457
002100
000833
001371
000432
001421
001710
001234
001503
001493
001352
001965
000934
000523
002025
000377
000088
000203
001893
000140
000801
000090
000065
001966
000313
001564
000622
001906
000266
000547
001682
001757
001229
001156
000820
002338
002091
001414
002327
001862
000331
000498
000467
001531
001576
002213
000634
000965
001140
000493
001653
000816
000135
002323
001693
000982
001536
001577
000359
001629
001087
000785
001391
001563
002228
001055
000295
002359
001098
000641
001691
001704
002339
000555
002052
000430
000011
002139
000858
000848
000100
000711
001432
000366
000147
000071
002324
001480
001284
001680
001517
001861
001007
002215
001141
002138
001453
002061
001566
000083
001789
000977
000186
000117
000845
000749
001803
000900
000933
000772
002171
001290
001846
000903
000805
001619
000866
000721
002012
001845
001885
002107
000794
001722
001600
000476
001873
001632
000125
000528
000314
001575
001460
001347
000871
002121
000055
000605
000294
001954
001479
001042
002335
000573
002140
000681
000917
002141
002201
000473
000424
001425
002265
000084
001935
002291
000943
001389
000311
001075
001067
001829
000489
001800
000652
000574
000753
001456
001349
002027
000136
000714
001968
001169
000171
000121
001718
002325
000019
001782
001519
001428
000015
001570
001574
001827
000451
000037
001532
002249
001335
000649
000561
001320
001105
000342
000937
000460
002094
001250
000644
001495
001709
000894
001740
000928
000741
001505
001301
002192
001636
001760
001599
001243
001999
001860
001116
001310
001777
000535
000307
000607
001980
001524
002219
001135
000672
002054
001741
002292
000492
001716
001537
000769
002055
001357
001386
001592
002115
001526
001024
001891
002076
001283
000737
001807
001522
000710
002366
000224
000526
001708
001249
000855
001647
001836
000953
001719
002199
000554
000288
000882
000167
001363
000793
001625
000391
000536
000919
002191
001173
001465
001823
001963
001755
002002
000844
001995
002241
002357
001907
001546
000450
001139
001942
001634
000698
000563
000980
002236
000145
002087
000438
001882
000114
001848
001813
000827
001400
000202
000070
001113
002362
000303
000829
000238
001180
000110
001815
000579
000627
001737
000189
002176
000628
000182
001034
000159
001962
000347
001394
001438
002317
000985
000056
000148
000038
002007
001530
000678
001565
000173
001742
001748
002319
001472
000981
002247
000287
002143
000504
000138
001256
000971
001362
001869
001651
001925
002088
001014
002047
001406
000699
001144
002281
001468
000491
002218
000211
001152
000898
002187
000103
000709
002223
001515
002128
000549
001875
001040
000870
001518
000005
001318
001767
002065
000539
002203
000544
000446
002183
000808
000963
002144
000279
000435
002369
002109
000415
001929
000061
001025
001604
001989
001471
002225
000496
000696
002097
000033
002104
001978
001558
000719
001035
000541
000021
000477
001539
001078
001977
001401
001044
001870
000908
001433
000396
002368
000127
001852
000893
001982
000846
002272
001149
002216
000556
002170
000851
000609
001661
001571
002226
000054
001523
001330
000334
001372
002314
000285
001500
001238
001137
000355
000899
000469
000720
000782
000584
000949
000163
001235
000051
000787
000677
000553
000799
001289
000929
002322
000901
001732
000157
000040
001874
000336
000527
001147
002200
001791
000849
000974
001900
000344
000086
001773
000946
001058
001627
000332
000032
000394
002349
001319
001053
001750
000075
001938
000617
001621
000735
001029
000891
001424
001115
001213
000069
000890
000766
002360
002297
002240
000116
001292
002147
000064
000666
001950
001201
001419
000413
002163
000770
001197
001841
000570
000270
000521
000538
002165
001545
001656
002298
001626
001049
000333
001374
000606
001763
000638
000329
001288
001751
000382
000832
001933
000249
002227
000864
000422
000576
001258
001437
000809
001847
000164
002155
001816
000966
000751
001603
000818
001281
001834
000483
000956
001744
002053
001385
001246
000856
001461
000725
001958
000210
000551
002367
002119
001956
001941
000997
000619
002157
000412
001496
000590
001590
001912
000519
001436
000497
000803
000304
001914
000191
001904
000495
001060
000233
001761
002004
000999
000771
002108
000046
000232
000001
000657
002312
000006
000320
001635
001688
000119
000765
002046
002302
000097
000158
001866
002122
001483
002003
001919
002217
000705
000991
001361
000926
000390
000350
000802
001561
002209
002254
000972
001799
001746
002089
000289
001849
002196
002243
000968
000244
000690
001589
000954
000656
001350
001003
001192
001578
000566
001358
001713
001939
000967
001953
000869
000137
002162
000080
001194
002244
000623
001639
001336
001937
000206
001697
001955
000456
000509
002114
002016
001920
002370
001443
001840
002090
000152
001516
000258
000128
001528
000296
002010
000066
000093
002093
002246
001853
001106
001951
000950
000667
001285
000177
000643
001267
000559
000176
002033
001392
002001
002295
001665
000162
002242
002111
000692
001134
001005
001251
000185
001810
002082
001556
000209
002316
000028
001236
002112
000262
001293
001967
001325
001609
000598
002014
002132
000367
000779
001398
000821
000407
000952
000260
000036
001313
002021
001675
000797
001153
000517
001306
001435
000387
000639
001588
001699
000942
000736
001484
000485
001630
001051
000718
000297
001275
000243
001375
000661
000697
001155
000815
001721
001728
000889
001932
000444
001012
000370
000633
001101
000747
000231
000316
001165
001337
000420
000670
000993
000730
001065
000532
000970
001889
000608
001930
001698
001957
001711
001992
002102
001802
000384
000499
000895
002356
001814
001749
000302
001407
001974
000940
000837
001784
001036
000101
000768
000761
001529
000427
000207
000550
000533
000144
000560
001339
000352
000817
001334
001314
002313
001542
000682
002022
001676
002278
001193
001022
001671
000654
001427
001459
001916
000434
000236
002030
001731
000518
000588
001159
002212
001331
001981
000195
000221
001166
000792
002337
002130
002321
001117
000400
002294
000513
001179
002348
000175
002340
002237
002289
000872
001366
002330
002231
001642
000072
000134
000341
001683
001091
002142
001150
000220
001172
000041
001901
001738
001871
002307
002252
000525
000505
000973
000572
000222
000369
001895
001365
000567
002261
000045
000439
001669
001083
001186
002303
000286
001417
001162
000362
002351
001998
001587
000234
002151
001045
001509
002342
000603
001991
000480
000414
000030
002188
001262
001046
002133
001637
000744
001027
002023
002300
001723
001879
000216
001858
000675
001747
001617
001488
000165
001993
000245
001487
000035
001548
002238
001700
002333
001231
000481
001315
001534
001648
000248
002167
001426
002050
000486
001452
001886
001388
000879
001088
001724
000255
000403
002178
001822
002028
001346
001103
000886
001282
002211
001312
002332
000047
001170
001070
000337
000594
000418
000722
001378
002315
002245
000091
001204
001733
002074
001463
002152
000142
001099
000194
000883
000160
001842
001677
000200
002310
001448
000151
001177
002051
000728
002276
002186
001754
000640
000510
000501
001497
000205
001786
002083
000059
000464
000843
000580
000187
000867
002267
001855
001678
000734
001922
000918
001964
000819
000990
000426
001581
001997
001544
000252
002060
001706
000947
000079
000150
000839
001983
000239
001644
002078
001837
001943
000268
000214
001097
000141
002106
002166
000358
000777
002177
001880
001343
001533
002361
000902
001304
001591
002363
002284
001171
001380
000461
000242
000298
002073
000683
002011
001730
001924
001422
001994
000178
000540
000098
000850
001008
001112
000632
001910
002197
001393
000235
001232
001466
000267
000292
000957
000927
000831
001081
000263
000665
001265
001905
000139
001127
001984
001068
000811
001562
001864
000795
000911
000959
002181
001367
001429
000447
000354
002062
001985
001271
000077
000174
000616
001107
000466
001383
001584
000254
002318
000003
000577
001264
000931
001805
000742
001838
001883
000428
001209
000700
001833
000910
000472
001200
001168
000986
000031
000759
000828
002095
000459
000860
002346
002344
001415
000280
002343
001946
001260
001486
002328
002268
002101
000375
000053
000153
001348
002056
001727
001063
000920
001794
000750
000475
002134
000660
000212
001439
001215
001230
001540
000154
001729
001513
002149
001360
001338
000775
000271
000016
000052
000437
001085
000558
000089
001890
000626
000755
001655
000419
001663
000713
000668
000251
001685
000226
001056
000133
000184
001559
000548
001743
001178
000423
001089
001908
000774
002301
000679
000569
000662
001240
000095
001911
000636
001254
001790
001668
000034
001909
000601
001787
000752
001430
001830
001403
002308
002174
002264
001510
001923
002184
001202
000915
002205
000589
001084
000586
000631
001009
000328
000261
000327
002202
001160
001021
000841
001305
002113
000905
000543
000290
001679
001927
002326
001808
000921
001477
001441
001311
001658
001120
001667
001167
002296
000923
000581
001717
000293
001121
002063
000778
001126
000395
002311
000410
001295
000256
000085
001541
001696
002059
001185
001102
001694
001257
002096
001397
000961
002305
000272
002024
000975
000408
001921
001000
002020
000190
001353
001936
000694
002136
000896
002079
001828
000773
000349
001659
001641
000027
000687
002005
001001
001220
000381
001969
000169
000338
001620
001775
000727
001221
001926
002026
000987
000976
001440
001674
001006
000852
002229
000363
002257
001100
000596
001062
000111
001649
001037
001673
001785
001554
001057
000010
001218
002118
001096
001222
000458
000247
001770
001176
000081
001324
000836
000783
001376
000265
000227
000674
000788
002253
002146
002214
000780
002036
001382
002040
001902
000339
002158
001514
001093
001074
001032
002160
001023
000179
002110
002013
000881
001872
002035
000343
000897
000906
001129
001434
002224
000318
000392
001187
002058
001764
002306
001190
000126
001299
000912
000123
001521
000564
002045
000842
000892
001205
002071
001913
002000
001557
002207
002156
000309
001118
001867
001780
002137
